					###Egypt###
				500 501	502	503	504 507 508 509 510 511 512 513 514 515 516 517 518 519
				520 521	522	523	524	525 526 527 528 529 530 531 532 533 534 535 536 537 538 539
				540 541 542 543 544 545 546 547 548 550
				655 5549
				453 445 3478 3477 3476 3380 3379 3378 3377 3376 3375 3374 3373 3372 3371 3370 3369 3368 
				656 657 658 659 694 695 696 697 701 #Philistia
				576 577 #aswan_region
				575 578 583 584 585 586 587 588 589 590 #troglodytica_region
				564 566 579 580 581 582 565 647 649 650 #myos_hormos_region
				505 506 1600 1604 1675 1682 1684 1693 1709 1710 #sinai_region
				549 551 552 554 553 555 556 557 558 559 560 561 #hema_nome_region
				562 563 567 568 569 570 571 572 573 574 #luxor_region
				5501 5502 5500 5503 5504 5505 5512 5509 5510 5511 5522 #kharga_region
				5513 5507 5516 5508 5515 5517 5506 #khargana_region
				5537 5555 5538 5539 5540 5551 5550 5554 5552 5553 5556 5536 #ammon_region
				5544 5542 5543 5541 5531 5535 5533 5532 5548 5546 5547 5534 #parva_region
				5526 5525 5524 5523 5528 5545 5527 5529 5530 5514 #farfara_region
				7668 7688 7689 7690 7691 #new in 1.1
				8003 # Sikyon