
				1967 1968 1977 1980 1984 #Caria
				219 221 223 224 225 322 323 324 325 326 327 329 #bithynia_superior_region
				178 179 182 230 1777 1925 1926 1928 1930 1937 1939 #phrygia_parorea_region
				183 227 302 312 313 314 315 316 317 318 319 328#phrygia_epiktetos
				184 185 186 187 309 311 339 1936 1941 1942 1943 1944 #phrygia_region
				276 278 #aeolia_region
				250 265 269 271 272 273 303 304 306 337 320 321 #mysia_abrettene_region
				251 253 254 262 264 267 #mysia_region
				274 275 292 293 296 298 299 300 301 305 307 308 #lydia_region
				294 1969 #ionia_region
				295 1945 1946 1947 1948 1952 1962 1963 1966 #inland_caria_region
				156 159 160 161 171 1960 1991 1992 1993 1995 1998 #lycia_region
				162 164 165 1784 1901 1904 1905 1906 1908 1910 #pamphylia_region
				166 167 168 1885 1911 1927 1931 1933 1949 1988 #pisidia_region
				170 1935 1953 1956 1957 1958 1959 1961 1986 1990 1997 #milyas_region
				174 176 177 180 181 191 1914 1916 1934 1965 1971 #lycaonia_region
				169 1785 1917 1918 1919 1920 1921 1922 1924 1950 1955 1975 #isauria_region
				175 188 189 190 192 193 226 228 229 1811 #galatia_region
				442 #Aigina
				1780 1872 1882 1883 1887 1889 1890 1892 1894 1896 1897 #cilicia_trachea_region
				795 796 1873 1874 1875 1876 1877 1878 1879 1880 1881 1884 #cilicia_pedias_region
				792 794 805 808 811 812 852 1870 1871 #syria_cyrrestice_region
				787 789 790 791 793 797 798 813 814 847 851 #syria_region
				767 768 769 771 783 784 785 786 788 #south_phoenicia
				740 741 742 743 744 745 746 748 749 #north_phoenicia
				738 750 751 752 753 757 758 759 760 763 764 765 #syria_coele_region
				772 761 762 770 774 776 777 778 781 782 799 816 #apamene_region
				754 755 756 775 800 801 802 803 804 806 815 850 #palmyra_region
				673 675 718 721 722 723 732 733 734 735 736 737 739 #decapolis_region
				648 669 672 674 666 668 667 670 677 #galilee_region
				663 664 665 #samaria_region
				660 662 661 690 693 #philistia_region
				817 818 819 820 821 837 844 848 849 854 853 879 #osroene_region
				334 338 333 336 332 335 331 330 #Cyprus
				157 158 163 1852 1854 1859 1860 1861 1865 1886 1898 1929 #cappadocia_melitene_region
				155 172 1802 1803 1893 1902 1976 1979 1982 1983 1994 1999 #cappadocia_cataonia_region
				173 205 1813 1888 1900 1938 1940 1951 1954 1978 #cappadocia_garsauritis_region
				1820 1832 1836 1849 1891 1899 1907 1909 1923 1932 #cappadocia_saravene
				1794 1796 1799 1800 1805 1817 1818 1912 1913 #cappadocia_region
				1788 1789 1790 1833 1834 1838 1839 1840 1845 1846 #pontus_colopene_region
				203 1791 1792 1804 1819 1821 1822 1823 1824 1826 1831 1837 #pontus_region
				1808 1809
				1786 1787 1793 1801 1806
				198 199 200 201 217 218 232 1829 1830 1827 1828 #paphlagonia_superior_region
				194 195 196 197 202 204 222 231 1825 1841 #galatia_trocmi_region
				210 213 214 215 216 220 #heracleotis_region
				206 211 212 1814 1815 1816 #paphlagonia_inferior_region
				4513
				683 684 685 686 687 688 689 691 692 711 713 715 #judea_region
				681 710 712 714 716 717 720 731
				671 676 678 679 680 682 719
				747
				779 780
				766
				836 838 839 1862 1863 1864 1867 1868 1869 1895
				807 809 810
				3360 3341 3343 3342 3344 3345 3346 3347 3348 3349 3350 3351 3352 3353 3357 3354 3358 3359 3362 3361 3363 3364 3365 3366 3367 3340
				4237 4236 4238 4239 4245 4240 4241 4259 4244 4253 4252 4246 4242 4243 4258 4251 4256 4257
				4227 4226 4224 4223 4217 4220 4221 4222 4115 4116 4230 4228 4225 4232 4229 4234 4235 4233 4231
				477 4097 499
				4219 4202 4112 4111 4213 4212 4218
				4096 4152 4108 4098 4095 4099 4113 4093 4100 4101 4119 4114 4110 4109 4117
				4092 1144 4094
				415 422 3192 455 2264 2213 2336 1445
				4090 4089 4102
				4106 4103 4127
				4206 4120 4203 4118 4205 4204 4122 4121
				500 501	502	503	504 507 508 509 510 511 512 513 514 515 516 517 518 519
				520 521	522	523	524	525 526 527 528 529 530 531 532 533 534 535 536 537 538 539
				540 541 542 543 544 545 546 547 548 550
				655 5549
				453 445 3478 3477 3476 3380 3379 3378 3377 3376 3375 3374 3373 3372 3371 3370 3369 3368 
				
				656 657 658 659 694 695 696 697 701 #Philistia
				576 577 591 592 #aswan_region
				575 578 583 584 585 586 587 588 589 590 #troglodytica_region
				564 566 579 580 581 582 565 647 649 650 #myos_hormos_region
				505 506 1600 1604 1675 1682 1684 1693 1709 1710 #sinai_region
				549 551 552 554 553 555 556 557 558 559 560 561 #hema_nome_region
				562 563 567 568 569 570 571 572 573 574 #luxor_region
				5501 5502 5500 5503 5504 5505 5512 5509 5510 5511 5522 #kharga_region
				5513 5507 5516 5508 5515 5517 5506 #khargana_region
				5537 5555 5538 5539 5540 5551 5550 5554 5552 5553 5556 5536 #ammon_region
				5544 5542 5543 5541 5531 5535 5533 5532 5548 5546 5547 5534 #parva_region
				5526 5525 5524 5523 5528 5545 5527 5529 5530 5514 #farfara_region
				4195 4198 4197 4199 4196 4194 4124
				4216 4215
				4208 4214 4209 4207
				4200 4201
				1688 1708 703 704 709 708 729 700 707 706 705 698 702 699
				1732 1733 1734 1775 1797
				840 858 859 860 877 878 1853 1855 1856 1857 1858 1866 #sophene_region
				1779 1781 1782 1783 1842 1843 1844 1847 1848 1850 1851 #armenia_minor_region
				1763 1765 1766 1767 1768 1769 1770 1771 1772 1773 1776 1778 7844 7845 #armenia_maior_region
				593 594 595 596 597 598 5518 5519 5520 #this is a mess tbh
				4539 4540 4541 4543 4544 4550 4549
				1731 1730 1729 1727
				827 826 825 824 823 874 822 855 872 871 856 841 1764
				7597
				4190 4193
				845 1761 1757 1758 1759 1760 1762 1698
				857 870
				7668 7689 7690 7688 7691 6431 6433 6420
				7799 7802 7798 7803 7760 7765 #Extra
				7889 7892 7891 7903